17 41 -1
0 34 -1
24 19 -1
8 28 -1
14 12 -1
45 5 -1
27 31 -1
41 11 -1
42 45 -1
36 27 -1
4 41 -1
3 2 -1
32 42 -1
16 21 -1
45 18 -1
26 47 -1
38 21 -1
12 19 -1
49 17 -1
44 35 -1
11 3 -1
33 22 -1
14 23 -1
11 41 -1
18 3 -1
44 47 -1
7 12 -1
9 37 -1
41 23 -1
28 29 -1
35 16 -1
42 40 -1
6 38 -1
42 40 -1
48 14 -1
5 46 -1
29 40 -1
0 20 -1
1 6 -1
48 43 -1
23 29 -1
4 34 -1
40 6 -1
26 16 -1
8 31 -1
39 44 -1
23 26 -1
38 37 -1
32 18 -1
41 29 -1
15 33 -1
8 39 -1
30 4 -1
6 27 -1
36 23 -1
45 21 -1
22 24 -1
29 20 -1
23 27 -1
12 47 -1
40 36 -1
36 11 -1
17 5 -1
24 5 -1
2 31 -1
0 0 -1
24 41 -1
30 16 -1
41 7 -1
37 7 -1
37 7 -1
33 3 -1
9 45 -1
8 9 -1
38 21 -1
46 22 -1
30 6 -1
18 13 -1
41 0 -1
5 12 -1
9 10 -1
37 24 -1
33 48 -1
41 45 -1
0 2 -1
36 41 -1
20 24 -1
21 46 -1
49 48 -1
34 18 -1
34 31 -1
49 3 -1
38 18 -1
38 0 -1
17 27 -1
43 28 -1
33 48 -1
21 7 -1
17 10 -1
14 13 -1
16 9 -1
1 35 -1
49 0 -1
6 19 -1
3 48 -1
8 24 -1
9 44 -1
2 39 -1
35 45 -1
43 43 -1
37 23 -1
3 14 -1
0 48 -1
18 8 -1
46 30 -1
31 48 -1
48 39 -1
7 9 -1
22 22 -1
42 38 -1
29 38 -1
7 40 -1
41 8 -1
38 15 -1
11 6 -1
34 2 -1
5 22 -1
46 28 -1
36 12 -1
33 25 -1
42 19 -1
16 44 -1
48 31 -1
1 22 -1
49 21 -1
26 7 -1
39 42 -1
12 25 -1
10 0 -1
19 3 -1
38 11 -1
39 1 -1
23 5 -1
35 2 -1
35 32 -1
26 38 -1
7 17 -1
32 32 -1
4 19 -1
39 21 -1
29 26 -1
42 18 -1
5 25 -1
49 34 -1
12 41 -1
10 45 -1
3 18 -1
23 39 -1
46 29 -1
29 37 -1
37 49 -1
49 16 -1
45 43 -1
16 47 -1
5 36 -1
32 38 -1
34 5 -1
1 14 -1
21 16 -1
13 36 -1
5 13 -1
3 35 -1
8 12 -1
45 32 -1
6 13 -1
8 21 -1
32 46 -1
44 31 -1
22 46 -1
11 29 -1
0 35 -1
16 23 -1
9 44 -1
39 42 -1
24 3 -1
10 4 -1
49 45 -1
13 36 -1
22 24 -1
18 18 -1
5 37 -1
41 8 -1
25 2 -1
14 27 -1
24 14 -1
24 34 -1
9 22 -1
20 33 -1
47 37 -1
27 18 -1
20 23 -1
18 13 -1
35 42 -1
30 2 -1
27 13 -1
49 2 -1
25 27 -1
24 43 -1
22 23 -1
31 11 -1
32 3 -1
43 5 -1
31 25 -1
42 42 -1
36 22 -1
0 14 -1
10 37 -1
24 13 -1
20 20 -1
33 35 -1
10 11 -1
17 46 -1
0 35 -1
44 40 -1
24 45 -1
25 19 -1
44 26 -1
2 8 -1
16 21 -1
43 28 -1
34 1 -1
14 18 -1
2 19 -1
37 0 -1
26 10 -1
7 10 -1
15 20 -1
27 26 -1
8 43 -1
9 14 -1
36 32 -1
37 15 -1
24 27 -1
27 25 -1
28 29 -1
20 23 -1
12 2 -1
46 23 -1
11 37 -1
25 45 -1
10 14 -1
16 2 -1
26 30 -1
21 11 -1
47 11 -1
20 3 -1
24 40 -1
13 38 -1
1 40 -1
29 12 -1
13 0 -1
28 8 -1
7 15 -1
0 27 -1
39 8 -1
10 3 -1
24 7 -1
8 27 -1
37 13 -1
0 1 -1
28 10 -1
34 43 -1
40 5 -1
4 11 -1
6 35 -1
0 22 -1
35 23 -1
16 6 -1
7 26 -1
7 26 -1
21 37 -1
11 19 -1
22 46 -1
12 17 -1
46 17 -1
41 35 -1
29 23 -1
15 29 -1
32 9 -1
5 46 -1
12 3 -1
34 34 -1
22 4 -1
19 7 -1
13 32 -1
33 7 -1
35 11 -1
48 17 -1
38 25 -1
42 23 -1
11 4 -1
25 41 -1
25 9 -1
20 21 -1
34 26 -1
33 5 -1
48 0 -1
1 29 -1
34 43 -1
34 37 -1
43 6 -1
5 26 -1
48 12 -1
0 31 -1
41 13 -1
5 5 -1
12 42 -1
27 11 -1
28 24 -1
43 2 -1
23 46 -1
13 40 -1
22 25 -1
10 18 -1
32 17 -1
45 12 -1
31 19 -1
38 40 -1
40 35 -1
39 47 -1
45 40 -1
14 3 -1
40 1 -1
8 44 -1
9 35 -1
5 42 -1
31 14 -1
29 3 -1
8 25 -1
47 42 -1
6 49 -1
27 11 -1
41 17 -1
40 29 -1
24 13 -1
27 1 -1
33 15 -1
42 13 -1
1 24 -1
9 42 -1
28 20 -1
34 27 -1
36 25 -1
20 48 -1
47 37 -1
3 4 -1
13 21 -1
13 6 -1
21 10 -1
40 39 -1
42 14 -1
13 19 -1
4 41 -1
32 18 -1
5 0 -1
39 25 -1
22 3 -1
47 48 -1
48 34 -1
14 21 -1
25 13 -1
12 45 -1
28 46 -1
12 19 -1
35 19 -1
44 39 -1
40 15 -1
8 45 -1
20 18 -1
23 1 -1
22 32 -1
37 2 -1
13 20 -1
3 1 -1
27 23 -1
19 0 -1
15 15 -1
43 28 -1
38 47 -1
37 43 -1
13 9 -1
31 49 -1
42 38 -1
10 8 -1
8 21 -1
38 4 -1
40 46 -1
43 49 -1
20 30 -1
17 48 -1
33 36 -1
26 35 -1
38 35 -1
29 3 -1
48 24 -1
9 23 -1
16 7 -1
5 44 -1
26 18 -1
25 11 -1
1 5 -1
46 49 -1
15 34 -1
42 14 -1
13 25 -1
46 42 -1
22 48 -1
6 26 -1
29 23 -1
5 4 -1
12 26 -1
43 25 -1
36 15 -1
41 36 -1
44 14 -1
2 6 -1
38 36 -1
5 32 -1
31 15 -1
41 30 -1
11 25 -1
36 37 -1
0 40 -1
34 12 -1
3 43 -1
2 16 -1
12 8 -1
4 33 -1
34 3 -1
6 3 -1
24 48 -1
13 17 -1
28 9 -1
30 0 -1
8 18 -1
5 0 -1
14 11 -1
26 3 -1
9 43 -1
11 2 -1
48 39 -1
3 32 -1
20 24 -1
23 2 -1
19 31 -1
9 28 -1
19 8 -1
3 21 -1
31 45 -1
42 4 -1
13 35 -1
39 48 -1
38 22 -1
10 37 -1
34 11 -1
11 8 -1
43 9 -1
19 15 -1
19 37 -1
0 8 -1
14 21 -1
15 17 -1
15 5 -1
39 30 -1
38 12 -1
4 32 -1
10 35 -1
24 34 -1
15 30 -1
41 1 -1
29 15 -1
48 10 -1
38 23 -1
32 27 -1
39 6 -1
8 13 -1
40 41 -1
13 23 -1
34 28 -1
0 28 -1
35 21 -1
21 24 -1
17 33 -1
45 3 -1
25 18 -1
29 26 -1
48 0 -1
43 9 -1
30 36 -1
49 16 -1
78 67 1
64 79 1
55 71 1
66 76 1
76 66 1
87 66 1
64 81 1
86 90 1
62 71 1
64 71 1
65 59 1
73 52 1
91 74 1
62 95 1
81 73 1
68 56 1
52 68 1
57 57 1
62 81 1
80 86 1
59 64 1
56 84 1
93 90 1
52 96 1
95 54 1
98 58 1
62 91 1
64 81 1
58 89 1
54 72 1
52 95 1
79 69 1
73 88 1
66 68 1
98 59 1
96 86 1
83 62 1
72 58 1
92 96 1
75 87 1
58 97 1
57 52 1
80 98 1
50 92 1
99 78 1
98 52 1
90 82 1
75 65 1
67 62 1
97 86 1
97 68 1
51 78 1
80 66 1
75 99 1
79 58 1
90 70 1
97 60 1
55 62 1
92 75 1
54 61 1
96 98 1
96 64 1
69 88 1
63 88 1
65 75 1
75 71 1
78 65 1
70 84 1
64 55 1
62 57 1
74 61 1
69 99 1
73 80 1
83 50 1
60 75 1
86 87 1
78 87 1
86 93 1
64 64 1
99 91 1
55 85 1
54 87 1
73 87 1
70 64 1
68 58 1
85 81 1
73 52 1
94 52 1
76 76 1
72 96 1
90 99 1
69 74 1
61 93 1
89 91 1
65 69 1
85 55 1
50 66 1
59 65 1
66 64 1
74 93 1
50 59 1
73 95 1
61 89 1
68 72 1
81 58 1
76 68 1
72 60 1
79 74 1
52 60 1
91 82 1
64 95 1
64 74 1
55 52 1
74 60 1
71 72 1
97 72 1
89 77 1
95 55 1
50 94 1
54 93 1
62 81 1
89 72 1
62 78 1
67 62 1
65 58 1
73 58 1
84 59 1
86 54 1
58 69 1
56 95 1
50 66 1
92 67 1
82 87 1
74 56 1
71 97 1
72 83 1
76 81 1
98 83 1
82 73 1
76 68 1
61 70 1
56 82 1
75 90 1
86 74 1
69 77 1
84 93 1
68 77 1
91 68 1
83 96 1
77 78 1
71 76 1
62 97 1
77 53 1
95 58 1
85 58 1
87 88 1
63 93 1
50 51 1
61 78 1
99 50 1
54 92 1
81 69 1
67 65 1
93 63 1
72 84 1
80 72 1
92 51 1
77 77 1
52 70 1
81 64 1
73 90 1
73 87 1
95 79 1
77 69 1
60 92 1
58 82 1
87 76 1
78 70 1
58 51 1
60 63 1
86 83 1
60 92 1
78 72 1
91 84 1
53 68 1
65 67 1
81 88 1
50 57 1
98 64 1
61 58 1
56 63 1
78 57 1
85 89 1
75 65 1
86 86 1
60 83 1
98 80 1
92 78 1
90 83 1
85 66 1
99 60 1
92 87 1
78 82 1
69 52 1
94 94 1
52 58 1
82 97 1
58 85 1
97 64 1
99 93 1
91 65 1
50 89 1
98 62 1
51 73 1
83 74 1
50 91 1
90 54 1
69 97 1
78 80 1
94 81 1
87 90 1
75 99 1
88 83 1
93 92 1
61 52 1
84 60 1
97 90 1
79 85 1
55 90 1
92 91 1
99 60 1
79 78 1
77 71 1
93 73 1
97 70 1
76 76 1
82 90 1
59 78 1
89 68 1
99 59 1
72 74 1
58 80 1
58 67 1
53 77 1
57 70 1
74 96 1
61 72 1
61 69 1
90 56 1
83 63 1
82 66 1
91 52 1
63 54 1
96 62 1
65 60 1
99 54 1
80 86 1
82 98 1
84 87 1
67 90 1
70 56 1
82 91 1
73 99 1
55 58 1
95 71 1
66 96 1
78 78 1
58 79 1
50 77 1
79 57 1
95 81 1
76 78 1
99 53 1
65 84 1
58 93 1
93 72 1
64 79 1
55 68 1
73 91 1
98 72 1
86 51 1
96 94 1
67 77 1
66 79 1
91 74 1
62 69 1
93 96 1
65 91 1
57 99 1
52 90 1
51 86 1
76 87 1
55 62 1
94 83 1
97 80 1
65 65 1
61 63 1
78 78 1
90 78 1
97 61 1
70 95 1
89 75 1
99 50 1
65 83 1
82 64 1
82 57 1
67 96 1
82 72 1
91 60 1
87 81 1
79 55 1
88 71 1
97 51 1
96 58 1
59 76 1
72 89 1
86 66 1
78 55 1
60 64 1
77 53 1
53 98 1
81 61 1
55 82 1
56 97 1
71 52 1
81 96 1
55 71 1
74 97 1
85 68 1
74 76 1
98 59 1
53 74 1
85 72 1
88 93 1
82 53 1
80 97 1
78 76 1
51 50 1
99 61 1
63 55 1
73 66 1
95 61 1
74 73 1
53 50 1
87 81 1
60 99 1
65 93 1
79 72 1
62 81 1
81 76 1
90 97 1
55 71 1
82 72 1
70 89 1
81 65 1
93 58 1
78 56 1
56 98 1
66 71 1
97 96 1
94 70 1
88 79 1
84 59 1
78 69 1
65 67 1
84 76 1
56 68 1
97 78 1
90 68 1
85 99 1
99 86 1
60 70 1
63 71 1
85 65 1
80 68 1
67 81 1
94 87 1
57 86 1
77 60 1
81 74 1
71 52 1
93 68 1
87 85 1
54 61 1
56 77 1
72 68 1
50 63 1
87 92 1
88 88 1
89 55 1
81 97 1
84 93 1
61 87 1
67 93 1
82 51 1
65 97 1
54 53 1
95 84 1
71 75 1
81 64 1
56 72 1
93 56 1
80 93 1
68 80 1
63 61 1
51 68 1
79 66 1
90 68 1
83 81 1
63 79 1
53 59 1
95 86 1
74 65 1
85 70 1
76 80 1
75 55 1
58 71 1
56 59 1
82 52 1
90 55 1
62 75 1
62 85 1
86 80 1
52 97 1
80 58 1
76 90 1
93 58 1
96 90 1
73 74 1
80 97 1
72 85 1
57 50 1
66 55 1
88 91 1
68 81 1
96 65 1
59 75 1
86 62 1
62 55 1
92 93 1
72 71 1
98 62 1
68 68 1
64 67 1
90 50 1
59 85 1
95 69 1
90 53 1
99 79 1
91 55 1
81 61 1
53 52 1
79 83 1
92 87 1
83 53 1
64 70 1
94 68 1
79 63 1
64 52 1
70 69 1
97 55 1
87 94 1
76 76 1
90 73 1
90 79 1
60 88 1
95 71 1
70 71 1
89 83 1
78 55 1
56 79 1
85 62 1
96 87 1
88 83 1
79 85 1
90 93 1
65 62 1
55 51 1
67 57 1
84 69 1
57 71 1
95 98 1
68 97 1
94 88 1
63 72 1
64 78 1
73 51 1
54 90 1
77 51 1
92 97 1
63 71 1
63 51 1
65 71 1
95 71 1
95 60 1
72 91 1
51 62 1
55 65 1
88 93 1
82 79 1
