92 41 0
40 209 0
44 59 0
203 208 0
209 12 0
215 70 0
167 6 0
1 161 0
182 55 0
46 172 0
149 51 0
153 227 0
132 47 0
96 26 0
50 118 0
166 57 0
23 71 0
67 154 0
84 187 0
94 130 0
46 38 0
198 207 0
9 33 0
116 196 0
8 78 0
204 67 0
172 77 0
119 192 0
186 148 0
43 89 0
95 66 0
127 140 0
216 43 0
122 220 0
108 154 0
40 6 0
114 210 0
160 115 0
231 61 0
118 138 0
128 29 0
109 74 0
80 136 0
26 66 0
93 211 0
99 39 0
53 126 0
223 147 0
122 193 0
126 144 0
0 178 0
13 229 0
130 164 0
101 12 0
91 68 0
80 121 0
207 219 0
194 145 0
138 72 0
97 197 0
60 221 0
16 96 0
22 60 0
139 135 0
47 111 0
170 155 0
164 36 0
0 1 0
56 237 0
67 122 0
37 22 0
93 68 0
89 0 0
203 114 0
213 211 0
201 52 0
45 66 0
13 243 0
6 165 0
185 142 0
234 15 0
202 184 0
113 233 0
121 155 0
95 172 0
211 1 0
240 64 0
11 186 0
169 153 0
229 68 0
79 196 0
39 53 0
8 203 0
113 40 0
222 242 0
193 53 0
188 148 0
216 167 0
2 100 0
204 28 0
21 99 0
56 70 0
104 20 0
196 104 0
168 13 0
228 99 0
24 209 0
117 44 0
150 10 0
133 153 0
117 143 0
193 159 0
210 98 0
3 228 0
196 0 0
91 98 0
218 234 0
207 79 0
102 137 0
42 163 0
169 158 0
12 60 0
66 118 0
103 215 0
241 46 0
184 32 0
210 17 0
106 238 0
231 147 0
13 10 0
52 224 0
191 79 0
148 76 0
31 32 0
64 221 0
56 127 0
134 207 0
177 175 0
60 150 0
164 178 0
233 221 0
234 171 0
8 65 0
50 102 0
240 172 0
66 138 0
237 197 0
62 32 0
194 4 0
39 241 0
214 131 0
27 163 0
20 110 0
134 4 0
202 91 0
175 10 0
78 158 0
173 214 0
26 109 0
34 27 0
42 9 0
209 21 0
165 193 0
81 112 0
180 111 0
112 233 0
9 205 0
186 229 0
91 201 0
13 151 0
100 148 0
208 70 0
28 177 0
120 117 0
71 148 0
203 146 0
52 126 0
224 236 0
132 166 0
201 24 0
115 145 0
176 148 0
99 39 0
224 77 0
179 103 0
110 184 0
69 90 0
228 201 0
92 64 0
53 208 0
105 167 0
41 73 0
195 157 0
4 17 0
99 4 0
149 179 0
69 117 0
140 73 0
122 137 0
92 168 0
175 133 0
218 48 0
20 42 0
150 162 0
32 58 0
179 147 0
175 147 0
209 73 0
82 243 0
216 76 0
237 133 0
153 110 0
46 185 0
142 162 0
171 72 0
60 79 0
30 77 0
104 118 0
15 60 0
208 235 0
35 111 0
12 31 0
55 180 0
219 140 0
64 0 0
165 89 0
134 116 0
87 118 0
171 221 0
53 23 0
4 86 0
44 38 0
122 49 0
202 105 0
211 190 0
102 190 0
225 75 0
92 21 0
218 38 0
209 59 0
181 42 0
57 165 0
19 177 0
147 175 0
78 239 0
100 188 0
17 42 0
96 123 0
31 62 0
185 150 0
175 39 0
31 77 0
236 130 0
146 101 0
67 41 0
205 83 0
224 145 0
203 53 0
26 40 0
109 42 0
73 30 0
183 93 0
22 35 0
220 207 0
69 88 0
20 98 0
119 2 0
208 107 0
187 43 0
65 201 0
133 5 0
189 8 0
170 50 0
39 241 0
16 95 0
195 192 0
30 203 0
186 221 0
47 156 0
127 196 0
241 182 0
206 104 0
37 156 0
67 217 0
76 222 0
31 70 0
119 168 0
155 219 0
112 189 0
210 1 0
57 48 0
89 154 0
67 39 0
159 142 0
23 237 0
33 157 0
120 176 0
63 22 0
198 20 0
92 18 0
141 234 0
85 201 0
185 144 0
230 36 0
84 156 0
178 15 0
3 85 0
161 229 0
239 188 0
74 167 0
33 166 0
225 131 0
13 102 0
55 201 0
226 203 0
110 10 0
192 157 0
7 171 0
93 89 0
68 37 0
178 121 0
3 240 0
227 140 0
120 78 0
232 37 0
70 182 0
66 184 0
28 195 0
225 20 0
139 142 0
200 20 0
204 243 0
35 31 0
233 239 0
184 90 0
10 167 0
176 29 0
154 83 0
28 10 0
117 137 0
156 154 0
22 81 0
141 97 0
125 159 0
19 128 0
197 21 0
108 125 0
227 128 0
211 99 0
79 117 0
213 220 0
164 97 0
166 30 0
225 63 0
82 162 0
13 19 0
123 151 0
158 71 0
121 190 0
110 49 0
62 159 0
88 24 0
89 241 0
167 213 0
215 15 0
69 75 0
152 58 0
222 28 0
173 109 0
224 31 0
50 128 0
47 230 0
58 151 0
72 54 0
20 189 0
19 114 0
165 170 0
28 215 0
185 143 0
148 46 0
217 62 0
97 202 0
118 150 0
198 11 0
97 213 0
19 85 0
175 50 0
228 28 0
128 112 0
142 3 0
3 114 0
26 149 0
72 118 0
210 118 0
43 151 0
63 64 0
200 181 0
103 109 0
140 115 0
117 13 0
203 126 0
131 150 0
178 240 0
149 53 0
68 199 0
174 78 0
21 162 0
10 44 0
141 43 0
200 176 0
131 20 0
186 9 0
205 209 0
67 79 0
28 235 0
81 217 0
82 143 0
151 91 0
174 203 0
90 64 0
167 46 0
203 20 0
111 150 0
231 36 0
114 189 0
37 171 0
213 171 0
130 147 0
151 190 0
201 100 0
51 170 0
21 52 0
180 90 0
74 27 0
63 113 0
222 101 0
157 43 0
64 183 0
219 133 0
46 88 0
99 148 0
48 67 0
18 159 0
10 45 0
198 3 0
145 40 0
74 1 0
1 143 0
204 243 0
131 202 0
203 69 0
178 57 0
15 49 0
63 12 0
14 156 0
169 203 0
79 143 0
113 206 0
226 140 0
142 44 0
78 100 0
199 83 0
58 227 0
40 172 0
109 101 0
161 13 0
123 39 0
34 45 0
204 192 0
0 58 0
49 6 0
45 172 0
220 55 0
99 200 0
133 77 0
239 152 0
130 160 0
29 229 0
170 50 0
171 226 0
209 230 0
173 205 0
53 43 0
2 212 0
24 66 0
208 143 0
110 201 0
48 8 0
194 28 0
95 33 0
170 171 0
91 169 0
82 63 0
85 183 0
0 73 0
194 121 0
148 230 0
38 124 0
190 31 0
244 71 0
313 462 1
279 474 1
330 276 1
456 261 1
296 421 1
432 256 1
374 496 1
306 370 1
402 396 1
439 276 1
335 409 1
483 272 1
431 474 1
412 415 1
346 258 1
273 406 1
467 263 1
307 312 1
287 461 1
425 321 1
359 359 1
291 419 1
478 295 1
497 361 1
365 329 1
258 263 1
492 396 1
479 486 1
373 279 1
314 477 1
327 390 1
384 289 1
463 363 1
341 488 1
413 274 1
381 321 1
428 367 1
272 408 1
272 421 1
260 307 1
313 367 1
437 487 1
400 433 1
400 392 1
474 428 1
368 477 1
305 417 1
420 395 1
267 442 1
277 296 1
307 313 1
386 358 1
475 366 1
275 294 1
484 423 1
415 275 1
457 415 1
440 427 1
312 350 1
404 321 1
371 483 1
496 394 1
469 373 1
478 318 1
270 385 1
485 261 1
448 435 1
330 259 1
409 425 1
307 457 1
399 451 1
329 309 1
328 340 1
378 430 1
385 395 1
421 392 1
308 462 1
296 398 1
489 344 1
359 486 1
310 280 1
459 362 1
428 422 1
425 499 1
443 383 1
480 426 1
498 342 1
364 487 1
316 331 1
477 476 1
440 379 1
454 274 1
281 463 1
454 481 1
430 344 1
490 385 1
345 301 1
414 400 1
356 294 1
404 488 1
420 289 1
273 350 1
431 409 1
338 312 1
316 418 1
326 308 1
387 345 1
459 404 1
287 295 1
411 272 1
384 315 1
394 394 1
335 457 1
484 305 1
371 367 1
322 407 1
489 272 1
315 380 1
365 409 1
274 428 1
287 286 1
419 412 1
287 453 1
342 462 1
260 408 1
328 448 1
474 499 1
341 314 1
478 409 1
356 320 1
335 336 1
307 352 1
367 482 1
359 431 1
376 272 1
262 408 1
426 431 1
498 418 1
352 483 1
331 468 1
496 410 1
346 342 1
360 390 1
371 414 1
299 332 1
439 383 1
383 497 1
441 453 1
443 356 1
387 423 1
446 281 1
472 417 1
257 338 1
410 393 1
335 453 1
482 358 1
498 483 1
285 461 1
406 393 1
474 385 1
484 422 1
446 444 1
432 280 1
448 328 1
492 269 1
300 402 1
277 411 1
412 287 1
467 300 1
411 409 1
258 430 1
438 287 1
435 339 1
377 334 1
450 292 1
288 262 1
432 341 1
443 455 1
308 271 1
315 363 1
471 313 1
290 302 1
278 317 1
461 314 1
328 393 1
375 422 1
421 413 1
465 447 1
478 449 1
466 293 1
426 348 1
443 482 1
335 389 1
480 495 1
416 491 1
285 493 1
333 355 1
347 363 1
330 438 1
275 406 1
339 465 1
342 332 1
478 387 1
354 452 1
489 384 1
442 493 1
292 387 1
358 480 1
322 334 1
464 468 1
391 465 1
430 444 1
278 467 1
261 468 1
468 474 1
260 256 1
445 264 1
274 472 1
293 395 1
459 446 1
267 410 1
485 419 1
403 408 1
323 397 1
276 332 1
409 345 1
392 380 1
409 345 1
440 435 1
417 381 1
329 480 1
284 273 1
467 356 1
358 328 1
437 405 1
416 361 1
467 445 1
389 358 1
284 338 1
274 414 1
262 439 1
313 345 1
418 292 1
383 362 1
277 435 1
324 486 1
371 257 1
351 409 1
405 286 1
278 303 1
342 496 1
301 472 1
453 309 1
361 422 1
290 280 1
404 379 1
280 301 1
337 388 1
499 432 1
342 390 1
350 356 1
272 496 1
348 269 1
355 408 1
445 476 1
371 446 1
388 498 1
323 359 1
265 392 1
464 297 1
310 326 1
431 483 1
329 323 1
385 279 1
388 408 1
473 302 1
419 294 1
410 378 1
348 421 1
388 357 1
461 271 1
286 439 1
312 472 1
281 429 1
366 494 1
382 289 1
323 316 1
270 281 1
407 499 1
337 315 1
476 491 1
366 432 1
305 487 1
319 408 1
427 300 1
370 380 1
451 318 1
263 338 1
430 473 1
352 456 1
425 495 1
269 340 1
279 260 1
400 403 1
387 419 1
492 312 1
452 331 1
482 357 1
256 460 1
482 381 1
364 345 1
423 451 1
347 491 1
346 453 1
289 481 1
297 309 1
411 481 1
323 280 1
460 469 1
272 353 1
263 488 1
391 336 1
460 427 1
311 487 1
396 432 1
321 401 1
455 306 1
429 277 1
325 443 1
314 361 1
263 469 1
443 324 1
355 317 1
478 428 1
257 323 1
270 347 1
453 336 1
356 335 1
489 471 1
403 285 1
293 336 1
470 456 1
354 358 1
353 335 1
377 456 1
480 259 1
325 278 1
334 322 1
407 436 1
471 256 1
440 417 1
485 266 1
397 287 1
265 324 1
496 390 1
278 358 1
373 311 1
256 298 1
291 476 1
292 466 1
429 405 1
343 349 1
354 474 1
323 464 1
350 312 1
264 466 1
276 358 1
347 458 1
390 443 1
280 264 1
344 286 1
385 425 1
388 396 1
460 475 1
405 328 1
417 361 1
469 312 1
307 411 1
442 450 1
471 399 1
391 302 1
293 478 1
347 295 1
464 451 1
416 437 1
367 428 1
355 313 1
397 307 1
328 403 1
314 260 1
496 297 1
424 363 1
481 462 1
387 413 1
342 446 1
485 302 1
309 473 1
485 394 1
341 305 1
476 299 1
276 472 1
413 481 1
385 308 1
423 410 1
493 351 1
321 398 1
329 276 1
390 358 1
448 426 1
338 269 1
448 264 1
390 261 1
369 365 1
385 380 1
411 455 1
345 335 1
318 406 1
346 339 1
447 467 1
405 320 1
257 280 1
412 355 1
376 265 1
342 272 1
290 473 1
326 450 1
388 493 1
471 400 1
283 394 1
315 487 1
302 315 1
472 380 1
341 425 1
323 476 1
273 486 1
296 395 1
284 310 1
261 462 1
397 440 1
262 308 1
292 276 1
438 267 1
428 303 1
414 452 1
315 265 1
274 405 1
345 484 1
355 413 1
444 429 1
301 450 1
361 296 1
433 477 1
434 278 1
437 317 1
493 293 1
389 405 1
494 388 1
379 448 1
499 327 1
345 369 1
477 315 1
427 379 1
346 326 1
425 263 1
480 339 1
465 258 1
315 371 1
305 321 1
324 348 1
333 445 1
361 289 1
300 287 1
256 467 1
383 378 1
434 450 1
345 323 1
355 472 1
495 476 1
322 302 1
449 474 1
487 341 1
370 268 1
263 377 1
399 273 1
488 277 1
364 458 1
278 391 1
264 270 1
472 496 1
427 427 1
283 426 1
323 401 1
390 381 1
425 281 1
260 490 1
332 336 1
496 462 1
470 485 1
418 463 1
292 344 1